,X44D
X41T,1
